280.582 200
296.315 188.411
277.739 128.951
279.658 155.255
288.565 71.7149
296.319 215.526
296.473 210.513
286.342 102.138
288.942 55.1013
267.192 117.741
287.564 77.7205
266.812 126.83
275.481 104.646
295.146 166.738
270.834 123.171
283.411 42.266
286.491 388.96
267.008 279.292
272.846 86.7857
281.846 105.338
278.076 445.791
277.045 451.395
294.297 264.162
258.697 113.665
259.907 92.5534
269.785 45.1906
285.502 271.305
267.515 61.1293
272.689 369.625
259.065 275.981
288.177 113.472
294.161 269.396
294.093 150.079
293.838 144.944
296.244 226.224
269.14 142.721
294.556 161.158
272.746 147.119
286.576 394.435
283.821 276.852
296.311 242.128
271.557 137.07
291.164 232.994
286.037 298.287
290.379 164.348
276.094 124.082
281.11 339.413
258.544 350.643
270.681 82.0611
289.427 147.644
287.712 281.996
275.293 358.917
265.154 315.571
264.892 113.214
271.197 109.29
289.078 276.984
295.197 370.312
289.202 142.501
282.827 572.816
264.056 401.295
284.061 56.4401
286.342 154.773
296.082 236.821
289.475 118.541
277.523 255.753
263.895 82.8055
273.535 326.894
280.123 70.7882
277.949 54.8277
268.35 132.657
293.744 427.749
295.367 45.3373
259.034 266.363
270.392 493.036
288.231 137.273
290.067 256.426
282.608 51.4922
258.58 402.177
287.224 108.4
278.136 277.276
268.229 97.9329
291.36 227.369
259.996 259.954
291.733 239.582
289.039 49.8871
280.391 531.921
285.62 478.203
296.23 231.271
277.404 397.188
279.849 537.205
296.417 359.589
268.934 441.988
266.646 458.008
281.7 493.547
295.449 50.7748
277.76 331.303
274.328 119.277
265.919 138.43
260.042 315.73
261.971 340.519
280.804 287.265
289.997 571.375
276.352 151.316
293.996 274.918
293.812 285.561
262.712 406.142
294.064 155.713
289.159 44.6038
293.668 386.812
288.757 555.78
295.393 529.051
278.876 94.7874
284.36 303.588
266.34 260.115
284.232 149.586
269.759 498.259
296.043 343.679
296.418 354.138
295.791 81.9529
270.509 569.628
265.87 294.094
263.465 298.482
274.6 259.816
271.808 264.076
280.321 100.036
276.031 456.42
288.531 261.24
262.184 44.8866
271.32 350.108
263.723 421.158
282.492 31.7018
263.083 122.952
281.818 267.546
280.062 272.372
296.477 539.988
286.361 235.908
292.239 542.794
282.371 281.664
288.769 66.4252
293.765 433.372
289.246 38.874
259.619 541.169
258.875 422.431
285.265 421.813
294.21 381.467
267.559 341.452
293.784 290.568
283.425 116.671
284.779 462.49
262.405 77.3289
290.06 91.1247
271.182 375.367
259.896 330.824
278.518 371.328
286.878 266.22
281.525 111.301
262.151 108.243
272.75 254.18
272.393 511.922
273.617 99.7895
285.462 253.561
276.767 266.822
258.634 97.886
296.27 220.656
273.658 466.951
274.086 364.178
294.729 470.12
264.062 468.137
267.854 509.704
261.255 411.657
268.117 40.0764
278.418 568.777
277.519 60.7135
296.408 409.548
271.972 558.864
277.612 376.274
268.43 77.2844
275.671 78.4876
264.348 67.4114
282.668 61.2916
296.087 317.2
276.376 417.951
282.091 391.924
289.032 61.4205
259.146 281.096
276.771 83.6007
261.038 302.864
259.197 551.469
295.613 56.0792
265.066 564.333
290.593 99.1156
277.622 89.4975
288.346 159.434
275.438 341.908
296.433 253.198
276.473 336.266
283.792 451.69
296.372 364.618
259.1 556.494
259.053 562.075
259.027 567.127
262.997 395.668
269.086 503.332
285.881 441.005
284.515 91.6598
267.839 452.42
258.517 125.209
259.657 529.79
275.125 39.3624
266.281 34.9832
289.551 560.957
262.253 484.699
261.393 489.722
282.773 308.349
273.033 68.0159
259.869 453.073
295.083 337.945
281.342 313.567
279.86 319.068
295.301 332.378
276.645 381.381
276.174 282.244
274.235 287.208
271.534 331.884
259.915 416.947
265.707 309.096
283.918 258.451
282.035 144.878
279.319 140.198
291.518 407.745
286.572 488.32
263.109 519.84
261.851 524.901
278.384 345.957
258.811 572.632
295.549 565.429
296.497 570.462
275.339 386.594
273.491 506.061
286.946 132.264
279.45 542.613
260.542 447.855
280.537 362.226
295.479 71.0524
290.402 244.437
293.275 449.639
280.33 434.186
274.174 34.4478
264.224 569.378
294.209 60.9001
267.244 435.873
283.712 86.6461
293.987 280.11
272.549 114.404
281.409 75.6362
280.436 262.732
282.307 81.3956
265.425 462.862
270.151 30.8285
292.888 391.897
262.808 134.337
259.658 130.316
260.841 140.12
268.336 533.138
295.463 97.5062
295.042 91.9649
267.269 573.495
268.472 322.155
293.169 492.191
295.59 76.53
266.987 514.869
280.25 503.852
271.262 477.702
277.922 514.161
276.778 519.061
275.444 524.474
292.381 497.368
285.225 382.01
280.787 385.432
278.555 323.896
293.178 454.783
269.469 103.935
275.215 461.568
268.111 385.653
286.511 405.185
286.459 410.419
284.06 560.89
258.766 378.142
295.383 40.1617
293.535 139.672
293.474 133.932
293.61 128.632
276.085 44.3751
288.504 319.861
294.672 375.421
285.894 199.831
296.362 247.6
291.199 413.171
289.895 423.73
288.903 436.526
293.926 553.42
264.523 101.677
259.074 546.166
273.36 534.845
276.537 573.462
262.784 320.962
260.705 325.58
291.052 200.03
296.122 200.152
295.863 65.7625
293.931 438.857
285.116 567.721
285.204 426.958
285.11 432.256
276.717 350.69
292.122 397.062
287.712 499.529
292.614 459.881
295.488 422.231
289.424 33.5562
277.891 297.508
276.409 302.59
269.93 482.731
278.765 65.6651
259.974 534.987
284.687 472.783
278.898 548.286
278.316 553.56
277.682 558.537
281.206 480.654
276.491 491.637
274.433 496.26
266.113 72.6965
282.839 36.9101
268.562 527.818
291.808 402.106
294.818 558.643
292.83 548.219
263.627 284.062
294.289 480.876
293.922 486.032
288.955 249.388
275.27 501.209
272.59 58.7832
269.157 268.391
273.532 94.4291
285.389 446.473
286.105 287.04
281.43 418.292
272.713 128.412
272.358 472.358
275.088 480.937
287.857 351.214
286.936 361.282
285.966 366.434
295.371 34.9906
281.878 132.105
274.011 529.642
296.288 534.146
288.524 356.437
284.383 540.739
268.376 301.525
258.631 307.375
276.907 49.5498
294.412 86.9689
282.751 457.12
280.473 465.627
278.57 470.31
262.691 473.068
261.275 478.233
296.102 348.969
286.056 483.222
293.684 513.584
269.155 286.422
268.451 519.816
269.631 355.073
267.987 360.402
266.442 365.807
289.584 85.2705
268.976 487.782
276.685 475.48
277.224 485.721
259.516 458.358
266.521 92.7035
265.015 87.7463
283.088 349.05
293.611 295.781
271.211 345.099
269.586 336.523
266.132 346.256
260.99 361.992
273.994 271.279
271.076 275.343
260.225 345.639
284.56 292.331
293.803 444.373
258.663 427.755
288.913 538.185
285.583 127.219
296.109 183.181
286.655 520.254
286.432 525.961
284.925 371.696
284.462 376.998
260.744 494.904
265.799 55.9885
264.52 50.9451
288.037 455.008
281.546 488.274
290.82 418.475
266.191 479.234
286.39 467.444
293.819 115.854
294.448 110.639
295.489 105.705
289.297 374.456
291.169 364.058
282.606 122.887
276.499 110.861
258.79 515.905
276.959 563.623
281.184 498.828
259.784 103.463
272.284 539.953
293.673 301.008
293.499 306.283
293.45 311.292
293.397 321.42
259.497 463.556
259.692 87.326
293.537 465.183
282.041 327.902
282.158 334.01
277.262 403.005
277.196 408.226
259.945 367.229
258.948 372.747
262.779 30.519
267.639 474.108
269.164 421.788
281.534 353.84
259.259 34.2423
289.737 471.215
286.126 415.75
293.779 123.479
271.223 564.342
260.676 288.54
260.644 500.306
260.729 505.334
260.43 510.818
267.439 426.517
296.495 414.66
285.443 96.9197
270.184 430.856
290.114 565.985
281.222 250.568
283.518 240.573
281.226 245.448
287.863 545.581
287.129 550.9
288.773 313.123
281.204 411.311
268.48 447.124
258.979 468.702
287.859 325.241
287.698 330.997
287.395 336.296
286.863 341.419
267.729 542.346
267.411 554.617
276.767 135.692
274.535 73.5721
274.908 307.416
273.273 312.709
271.871 317.638
263.744 381.331
266.382 272.805
288.694 346.169
258.51 383.14
293.479 519.32
293.307 524.497
259.373 118.997
269.641 390.815
269.865 396.153
269.553 401.38
269.032 411.688
275.322 412.909
269.935 380.224
277.466 30.5715
261.127 72.1964
291.704 502.747
289.593 530.293
265.765 547.207
263.987 558.411
285.663 533.495
271.177 406.636
264.24 443.969
295.374 326.119
271.227 297.042
262.851 356.179
286.831 400.044
265.62 415.38
264.623 351.094
296.013 178.062
296.158 172.988
272.941 53.4049
275.668 391.72
280.292 508.962
280.541 522.355
296.416 258.838
287.1 493.781
287.821 506.132
288.084 511.388
267.082 326.957
265.896 331.967
296.495 399.566
270.61 416.532
258.691 82.1708
262.152 62.4594
259.9 57.5734
294.721 475.526
295.756 506.221
258.657 335.691
296.423 500.559
264.961 371.005
263.623 376.272
258.558 433.017
258.55 438.211
260.227 39.569
276.456 423.531
276.432 428.73
275.561 436.228
274.809 441.279
270.421 463.115
263.981 538.19
259.567 52.014
279.465 292.671
263.181 386.73
271.738 545.779
271.103 551.072
