300.456 300
329.022 306.194
362.436 277.461
128.429 435.146
409.725 138.423
311.382 300.1
333.875 294.208
345.028 294.537
225.557 151.01
461.625 64.8544
89.1404 163.735
517.054 431.352
406.684 134.281
521.228 411.57
503.683 359.558
445.81 173.719
542.845 344.706
222.372 161.527
519.763 394.183
376.346 269.542
346.647 289.629
219.111 148.04
456.639 62.9194
380.562 301.846
552.68 381.26
453.01 433.548
394.92 315.338
468.881 51.5132
402.502 103.998
524.898 486.082
506.621 363.723
125.636 170.646
120.038 170.656
411.242 233.843
458.019 432.82
104.047 170.279
93.4591 170.824
551.421 351.602
101.597 174.77
495.73 502.702
238.191 117.258
172.648 495.347
75.0174 151.855
70.8547 148.968
385.487 82.0969
385.508 264.119
447.639 71.1618
429.497 194.563
468.515 498.579
528.643 291.911
426.908 135.993
469.446 58.0408
423.78 209.395
417.358 109.558
409.975 130.149
400.559 498.662
521.497 528.046
350.51 293.433
461.391 252.478
316.787 300.247
515.012 441.604
43.0525 108.791
406.858 259.692
450.421 503.463
178.454 492.221
372.018 87.0566
247.262 55.0038
537.343 297.084
450.551 60.9521
63.9075 162.937
428.699 165.835
428.936 160.541
479.757 496.323
541.896 423.957
399.691 126.123
383.258 112.791
374.321 107.325
521.778 398.81
504.56 490.155
43.3395 100.416
516.236 436.293
226.647 466.932
499.369 492.097
260.017 58.9051
486.103 487.632
206.206 169.876
460.81 184.831
219.761 132.96
513.057 372.766
410.635 280.858
420.911 277.97
46.1131 112.753
430.843 52.285
352.16 307.506
270.276 65.4243
492.286 317.704
466.317 224.084
510.155 488.613
394.606 117.188
130.791 440.011
490.057 309.08
551.038 313.467
426.807 141.359
287.678 79.1747
386.998 70.0295
411.895 257.808
287.097 285.723
292.07 287.431
496.189 496
444.474 198.338
45.8473 118.392
507.4 409.647
343.755 86.0993
64.1398 154.235
252.78 96.5701
185.072 499.594
400.871 493.306
495.666 481.745
332.449 299.67
482.755 491.682
384.772 65.4881
37.0803 109.426
487.66 315.409
551.741 413.06
539.496 406.689
327.271 300.654
53.2893 183.644
133.109 444.538
127.787 446.695
39.1135 172.26
211.518 107.848
205.857 108.753
200.411 109.784
523.778 403.417
181.56 266.627
49.598 375.249
123.04 444.602
375.364 325.265
133.65 200.245
192.971 222.93
190.607 215.24
162.865 168.4
513.907 446.692
279.743 286.746
353.688 299.5
399.895 99.1184
423.91 515.981
322.648 295.207
525.254 491.226
541.836 401.063
441.422 170.626
443.578 165.818
524.684 319.683
282.594 78.798
493.196 211.672
37.8283 94.3618
449.614 296.029
380.093 321.746
167.195 165.097
521.188 533.45
533.562 289.873
209.898 115.468
205.232 118.042
536.823 523.289
188.529 220.082
502.365 322.075
464.671 519.986
514.081 318.638
38.7392 177.549
533.819 262.788
538.776 261.746
129.853 175.084
125.116 177.595
528.58 285.737
221.857 194.749
221.952 200.031
533.711 284.578
459.229 58.4985
462.01 53.9976
389.079 62.8229
475.45 177.694
57.2522 144.484
416.246 104.294
415.261 99.336
239.195 94.3495
494.111 521.013
516.151 377.406
503.607 495.242
152.468 241.314
38.1333 114.415
177.386 167.254
185.493 179.818
462.406 309.724
467.599 309.813
547.5 170.007
482.508 274.03
440.226 507.203
464.359 305.073
79.1126 155.326
480.176 316.432
137.984 204.72
427.671 241.22
160.086 234.445
157.14 238.632
413.593 241.196
545.659 391.754
66.343 145.541
401.363 487.96
401.806 482.394
402.241 477.146
428.417 220.557
449.455 182.784
534.885 268.825
456.14 186.776
355.634 292.408
57.9709 332.297
444.623 61.7613
170.509 275.153
547.797 400.242
72.3767 172.011
66.8919 172.126
425.425 175.915
458.068 171.518
533.861 404.561
216.089 485.562
547.523 242.936
398.957 255.347
115.703 384.053
98.1552 325.549
93.1237 327.166
66.097 343.06
61.9063 345.81
57.8669 348.942
53.5559 352.281
431.112 249.564
468.054 530.952
429.315 115.488
428.29 109.76
180.154 189.252
436.385 101.896
437.266 91.3313
418.465 516.884
413.377 518.184
437.116 522.186
432.81 524.743
544.485 220.896
455.708 275.692
142.309 464.101
220.637 340.816
181.069 258.704
476.473 500.151
547.944 409.674
536.328 517.169
476.327 510.596
485.468 203.175
212.064 87.9103
206.613 87.7194
491.299 443.625
305.532 300.032
455.404 224.574
51.2433 189.266
45.9865 189.695
137.272 195.773
405.632 120.392
210.875 172.394
321.853 300.643
225.349 55.036
109.614 171.873
221.835 205.368
429.591 155.361
430.776 285.138
254.551 268.355
312.725 304.961
262.727 274.528
363.458 75.635
490.517 512.248
515.913 366.258
519.602 370.024
474.634 186.661
479.31 183.748
180.537 502.39
548.479 386.345
552.508 389.725
471.174 319.204
475.969 320.711
139.349 175.929
232.291 125.634
443.535 205.5
122.348 182.514
172.885 164.802
552.723 520.877
277.591 78.2249
481.095 257.75
233.202 60.5627
188.362 169.127
184.456 172.343
450.646 235.457
490.857 284.992
403.843 111.212
419.63 206.414
207.97 490.279
481.413 501.163
551.654 479.449
130.037 451.468
132.446 455.96
356.722 286.006
469.467 236.461
252.187 462.873
282.4 69.8062
271.624 70.3667
266.21 70.9551
460.102 222.223
217.859 176.818
474.518 200.387
461.888 515.589
186.661 224.754
52.7761 160.421
184.402 52.4149
551.96 374.982
88.1876 329.052
83.0678 331.017
78.0536 332.723
515.054 208.273
478.815 466.157
119.38 388.522
118.336 393.453
215.241 158.629
213.375 163.536
552.887 68.411
544.6 382.939
192.941 322.915
192.577 328.136
212.042 154.539
505.027 532.441
54.7635 193.73
508.19 498.587
104.557 457.119
385.9 283.371
431.027 518.743
426.064 520.838
357.092 308.915
360.78 59.9541
210.04 159.484
207.878 164.046
367.423 274.786
371.888 272.346
139.102 215.128
455.663 282.165
182.478 495.233
388.287 57.5939
427.473 301.122
438.734 300.34
443.981 300.199
511.203 332.7
516.017 334.257
162.368 203.893
232.899 104.615
139.235 169.95
214.855 168.37
176.507 498.816
548.436 363.336
190.803 317.265
547.483 485.788
140.651 458.752
43.5954 498.055
545.349 500.112
502.975 412.013
430.412 260.758
432.686 77.1586
91.0183 186.967
512.774 528.317
493.242 507.19
49.9163 195.461
193.293 185.283
166.424 194.342
445.869 442.599
450.833 441.595
210.717 254.729
212.062 259.845
213.544 265.279
214.876 270.215
325.979 313.26
302.222 290.643
312.288 294.307
369.834 104.684
361.279 98.1049
357.757 94.341
354.49 90.0836
351.246 85.7208
344.576 77.0441
341.462 73.0496
338.085 69.1675
186.677 125.372
298.79 58.7169
398.356 112.865
264.802 64.8612
409.802 274.941
419.573 270.915
217.5 153.331
422.152 234.81
389.709 261.322
417.14 246.157
205.678 140.569
174.696 198.5
171.954 203.11
143.864 173.663
281.339 91.8492
251.883 102.325
247.307 104.408
521.864 444.826
519.974 455.002
217.195 298.602
219.232 303.546
222.44 107.789
450.129 510.499
196.602 180.662
185.501 277.614
483.817 180.506
533.882 221.883
500.418 518.034
231.208 54.8341
202.671 53.4117
537.365 245.799
183.957 154.223
366.855 54.244
46.078 378.91
42.2917 382.274
61.6083 436.676
54.7099 444.395
491.275 432.526
393.698 307.202
398.883 308.308
404.257 309.341
194.556 506.216
113.438 372.019
109.974 375.943
49.0463 355.727
44.703 359.154
522.143 416.932
396.135 122.28
383.485 107.633
364.056 88.9336
187.039 146.369
503.584 227.784
90.9767 436.507
89.1973 441.184
466.636 268.047
516.421 404.132
48.0585 183.317
42.3572 182.953
169.209 291.041
169.571 296.282
169.835 301.7
169.888 307.072
475.876 325.924
45.5677 170.473
69.7223 363.915
514.776 216.152
552.675 292.269
166.313 225.931
294.633 55.542
522.965 510.355
524.539 516.796
254.038 91.4492
480.816 322.642
310.418 60.0587
421.355 253.436
426.328 251.091
485.988 323.117
166.374 157.524
67.7039 464.198
48.8073 507.651
46.9701 512.302
523.054 306.962
348.368 317.205
352.61 320.109
356.87 323.211
445.446 505.647
41.6624 502.799
37.7908 518.718
456.206 265.797
345.768 340.055
50.9864 172.594
461.339 315.912
485.341 507.109
483.587 511.875
479.281 521.642
219.667 171.955
217.983 209.303
221.631 219.922
223.749 224.939
225.93 229.476
228.011 234.872
230.213 239.872
459.814 504.601
430.163 227.673
437.847 220.211
325.015 318.309
329.401 321.567
333.841 324.706
338.116 327.908
342.389 331.072
473.456 54.7778
398.51 107.672
414.311 509.222
272.537 77.6805
454.946 296.461
460.436 296.882
487.277 296.993
220.955 262.408
225.132 283.049
527.257 395.849
164.478 296.987
287.239 456.902
423.773 169.211
422.95 163.894
528.655 306.812
448.035 194.306
474.527 470.771
503.668 314.691
397.398 430.016
317.935 66.8774
313.809 63.971
137.846 454.252
528.749 413.577
530.873 418.206
533.159 423.402
535.45 427.864
537.757 432.65
178.833 230.544
92.7498 385.389
419.375 509.229
453.997 516.584
449.574 519.075
517.708 251.204
176.324 160.307
276.745 329.27
41.701 166.669
36.6301 165.696
61.7935 172.076
43.3893 175.307
442.616 217.117
547.381 198.484
480.149 329.235
488.879 234.799
209.833 285.688
464.594 256.727
242.347 100.098
549.551 395.336
391.947 267.8
186.175 319.193
163.15 230.345
152.76 297.253
201.996 206.208
190.249 258.378
464.264 541.694
182.904 234.743
181.068 239.518
179.128 244.18
426.506 124.4
109.264 438.743
209.606 145.99
206.066 150.017
49.6217 141.902
425.998 276.532
532.271 241.86
134.292 208.263
436.501 230.38
302.147 78.551
483.044 52.3679
544.928 61.8721
549.94 62.9724
406.808 445.764
244.659 419.923
517.896 479.107
518.897 484.193
543.215 285.63
463.566 290.738
416.639 296.708
445.777 524.981
514.049 398.168
202.418 144.593
198.604 148.575
194.827 152.837
362.631 322.917
172.696 541.354
38.3875 494.503
476.058 528.364
380.193 56.0168
196.06 161.886
440.633 282.197
480.223 506.881
510.903 533.095
361.565 52.2154
40.9661 190.249
472.747 309.825
203.096 232.758
203.29 237.803
203.414 243.114
358.857 299.263
363.914 299.145
399.577 57.0483
452.135 55.694
197.621 52.8966
192.425 52.454
108.31 193.193
395.341 279.449
400.306 277.325
433.954 224.263
305.637 71.1875
416.721 256.409
443.82 462.476
273.808 294.364
277.286 298.015
281.062 301.599
293.053 311.685
297.228 314.573
305.788 320.674
309.917 324.025
374.983 299.121
493.655 486.645
538.307 446.241
405.46 278.184
171.285 169.766
168.913 174.84
166.632 179.635
430.564 449.798
533.102 393.759
139.099 522.885
140.07 528.296
482.264 438.054
492.82 437.798
497.838 438.049
503.221 438.379
116.076 376.335
295.664 326.528
299.938 329.46
304.543 332.496
308.877 335.128
313.408 337.865
318.089 340.779
202.504 501.834
199.833 506.487
197.063 511.205
508.407 225.246
265.174 291.394
268.398 295.738
271.544 299.86
274.73 304.463
278.265 309.616
162.632 160.999
228.006 78.0373
154.753 168.646
151.01 172.233
145.043 178.666
539.326 394.263
344.677 323.766
114.782 170.945
443.463 179.127
457.424 255.627
467.179 252.443
472.337 250.855
511.865 339.611
520.999 345.621
147.372 201.593
381.945 61.0627
533.87 306.792
215.603 256.307
444.513 519.693
465.938 318.309
432.701 238.476
437.026 235.823
441.541 233.022
460.722 217.16
464.732 213.856
418.1 123.685
418.607 118.702
479.759 471.535
219.542 214.056
224.378 238.605
225.372 243.741
247.994 436.199
246.635 441.209
244.695 446.043
241.371 453.992
239.215 458.684
236.762 463.966
506.638 525.22
72.3591 510.863
141.029 221.216
210.89 177.828
210.907 188.22
211.479 193.27
382.098 72.5467
540.769 56.4517
546.027 56.5164
40.153 104.343
37.1191 99.6682
432.074 232.76
143.192 492.246
400.72 526.997
135.285 179.095
130.556 307.518
397.955 522.68
217.234 109.041
199.181 114.937
194.189 117.09
158.9 171.807
458.109 519.536
454.571 523.15
450.679 526.809
446.732 530.375
443.007 533.968
550.117 358.375
299.197 51.7652
266.872 76.1358
261.535 74.7041
227.296 64.0577
214.481 113.317
547.595 504.776
553.438 537.106
447.491 202.346
117.028 430.103
424.78 510.837
502.914 500.703
379.413 328.365
142.708 226.322
541.318 356.027
544.895 359.677
283.985 289.911
288.089 293.056
345.948 334.833
457.059 471.142
52.6213 469.378
428.053 527.841
407.523 440.582
182.749 149.115
178.49 152.398
174.506 155.633
419.277 227.113
164.461 198.959
97.6334 514.675
95.784 519.457
94.1487 524.195
92.4086 497.823
88.9972 513.243
87.768 518.431
523.297 422.443
524.594 428.126
525.829 433.295
436.459 179.779
257.739 95.5506
247.604 99.2773
376.579 308.067
377.944 420.433
381.814 423.647
415.318 454.863
420.068 457.682
439.335 466.239
48.9792 482.056
45.5628 486.894
42.2619 491.289
58.4429 402.222
55.171 406.624
451.737 475.151
456.329 477.81
199.101 66.0451
83.1562 171.486
45.0866 144.961
40.397 142.891
163.646 485.812
167.867 489.623
403.317 52.988
187.805 329.852
437.608 86.0939
403.319 521.205
522.157 194.464
369.073 298.788
381.83 296.848
184.918 518.52
437.46 531.229
252.756 52.1211
86.8603 426.755
84.3529 431.537
498.818 415.704
479.096 188.934
148.709 166.407
134.927 173.223
361.855 284.844
451.776 262.561
57.1922 449.012
55.3765 453.769
53.3896 458.739
465.44 239.777
414.275 460.004
417.737 464.297
421.302 468.202
424.998 472.051
263.298 79.6324
229.457 84.4613
463.91 180.693
426.304 231.533
259.265 70.0863
495.557 309.137
500.97 309.083
397.652 63.7311
395.247 54.4141
486.471 302.242
522.85 249.223
489.812 465.103
494.748 464.138
527.671 197.975
552.455 279.84
68.3578 337.43
39.5166 508.027
103.718 467.926
403.462 130.448
402.914 471.739
401.979 441.599
401.663 436.475
312.549 88.4505
307.476 87.804
286.363 85.4633
280.864 84.8518
275.413 84.4266
269.58 84.4722
264.025 84.7932
258.703 85.3246
253.059 85.8378
247.695 86.359
242.449 87.2419
237.275 88.3111
232.212 88.9897
227.165 89.7778
209.206 68.0924
492.452 525.749
490.816 530.866
473.313 461.23
504.23 482.745
99.2283 534.265
541.1 300.576
333.758 289.126
338.485 286.224
342.961 283.312
544.984 229.288
550.295 229.385
445.359 513.234
426.985 130.86
163.712 175.364
253.535 69.6859
247.934 69.278
59.112 154.713
45.8974 150.454
40.8315 149.042
193.66 307.389
243.963 536.143
243.315 541.121
249.45 513.316
130.614 194.492
213.529 149.415
52.6294 425.592
48.3291 428.152
117.455 424.912
83.0859 410.054
296.972 77.941
148.097 191.711
144.357 195.512
141.013 199.796
472.807 504.112
182.997 184.375
276.195 64.2967
437.09 116.128
91.339 503.327
90.3242 508.393
536.554 322.761
195.196 312.397
385.678 301.56
391.156 301.148
396.642 300.132
173.68 264.357
171.535 269.504
163.226 287.745
332.182 93.1438
419.64 74.3233
220.173 285.733
221.805 290.863
234.935 325.07
323.699 87.9131
318.576 86.7901
87.2444 446.189
85.3037 451.334
83.4528 456.322
543.989 51.8659
437.435 80.7037
437.591 75.5585
437.917 70.2579
438.326 65.0529
339.435 83.0566
335.323 79.971
109.424 443.899
197.783 320.015
198.043 325.247
515.251 494.164
527.897 324.06
532.606 326.2
402.527 116.206
423.768 441.086
428.895 442.585
433.817 443.611
172.804 239.873
236.605 54.8671
110.665 188.782
37.6325 512.803
349.242 51.8326
546.09 301.133
44.8168 196.408
39.3245 197.816
415.616 279.501
53.5245 344.701
48.7341 347.435
44.4011 350.012
51.9765 410.88
499.816 463.286
433.962 203.169
436.513 198.299
401.848 301.044
412.216 302.272
429.47 306.044
181.068 225.355
508.345 292.535
513.301 291.538
134.893 460.47
137.365 464.981
491.184 205.391
249.262 295.415
384.357 98.5991
381.707 93.5488
299.65 337.329
304.034 340.464
308.37 343.529
312.354 346.653
316.316 349.948
320.249 353.388
324.252 356.627
328.174 359.914
332.362 363.632
336.404 367.399
438.383 254.056
237.183 255.38
240.749 265.094
37.4069 137.856
171.267 159.448
395.497 528.596
469.978 196.916
504.622 52.1497
509.716 51.801
514.732 51.6042
519.87 51.577
449.486 208.92
460.746 197.676
276.232 92.8579
271.082 94.0103
266.105 95.1395
422.154 201.025
434.811 141.268
339.018 293.371
40.2444 339.165
201.904 126.814
512.841 248.661
551.774 195.94
96.0957 185.068
190.203 189.739
187.035 194.244
183.953 198.581
499.282 422.751
504.246 421.514
452.188 204.078
56.6032 172.549
144.689 205.951
451.53 178.077
454.525 167.775
455.908 162.042
164.901 536.673
180.449 271.598
456.023 440.824
461.408 439.925
466.854 439.127
67.5061 359.125
59.9166 366.365
254.278 410.653
256.192 437.084
62.868 361.881
548.803 288.774
149.397 261.399
489.733 199.669
493.591 196.13
497.641 192.408
501.922 188.567
505.926 185.047
547.248 536.545
234.929 121.114
325.482 93.3817
320.234 92.8154
309.476 92.7366
304.248 93.1319
299.146 93.2208
294.043 93.5367
288.869 94.0378
263.754 90.359
242.596 106.889
238.096 109.498
233.536 111.952
167.74 264.762
156.305 282.006
106.8 388.391
104.853 393.13
103.307 397.898
123.888 450.044
484.164 287.099
424.413 268.575
429.111 266.422
434.466 263.784
177.942 184.016
551.948 367.309
485.43 242.114
495.096 238.558
334.544 65.1561
161.103 179.837
158.505 184.629
156.126 189.503
248.786 91.9786
106.811 408.657
97.8182 434.228
96.8197 439.408
396.032 475.146
404.187 502.298
335.34 407.994
222.733 79.2653
411.374 67.8321
456.047 534.439
453.512 539.509
443.884 56.553
411.036 84.3271
295.515 300.786
512.057 325.674
393.929 60.3787
365.368 102.028
242.27 69.1952
464.216 501.275
197.221 129.586
181.819 141.106
177.813 144.761
174.279 148.341
170.7 152.246
203.444 248.652
203.296 253.841
203.294 259.172
203.246 264.399
203.978 286.128
204.294 291.368
204.667 296.708
210.879 328.366
212.695 333.035
62.1766 533.027
461.203 274.78
37.8877 155.101
251.891 467.986
245.277 516.352
242.894 526.245
241.684 531.233
267.368 277.464
271.599 280.303
275.596 283.423
251.35 74.2968
241.397 76.6915
432.517 217.402
436.805 214.366
441.258 211.236
327.697 293.036
496.795 319.888
390.497 447.096
433.643 496.34
437.117 500.271
220.348 120.673
207.585 129.399
199.361 135.952
194.886 139.165
190.596 142.077
473.637 233.497
435.305 453.769
118.496 479.188
223.989 472.067
219.158 481.447
211.273 500.796
88.4427 171.453
59.8397 176.704
54.4807 177.402
49.3206 178.042
237.279 101.243
146.397 467.85
202.861 180.461
347.926 302.664
361.185 303.954
366.366 304.255
371.542 304.438
130.114 204.054
438.235 54.4056
390.855 121.18
370.027 110.022
365.301 107.949
360.376 105.767
481.529 516.694
52.4713 384.036
49.326 388.149
39.9054 345.436
391.517 535.776
255.022 57.6477
532.022 431.68
485.066 280.86
461.094 242.952
549.61 218.68
552.384 484.728
553.296 490.059
461.349 474.894
535.033 477.938
535.708 483.352
536.405 508.664
530.114 344.351
534.338 348.021
436.935 96.8206
449.543 66.1278
456.341 52.7112
403.512 460.87
403.762 455.689
403.777 450.339
516.276 531.892
136.501 298.172
133.694 302.432
517.725 308.104
239.503 82.7587
234.15 82.3198
517.07 280.523
435.533 459.193
433.411 294.715
438.268 293.45
485.991 212.089
239.813 321.736
254.425 416.531
254.101 421.627
253.916 426.658
253.386 432.037
251.835 440.523
250.46 445.713
249.085 450.56
228.602 515.674
100.214 423.893
237.224 69.1672
168.498 285.417
163.798 302.282
162.541 307.618
495.866 284.008
552.177 404.204
355.799 99.1036
484.264 465.605
360.796 291.206
453.31 173.183
463.116 466.558
442.981 250.998
468.921 290.157
474.311 289.299
188.626 263.304
183.487 220.772
477.552 51.6568
239.295 434.638
237.385 439.308
235.474 444.175
233.267 449.486
357.666 55.6121
404.539 79.2662
401.244 75.0994
398.077 70.6749
424.141 89.6492
440.688 239.413
445.093 236.757
523.609 218.476
528.256 216.38
535.808 398.271
387.215 52.3944
179.187 172.007
172.041 180.616
168.674 184.364
258.886 271.213
140.003 469.745
507.1 318.464
542.694 295.687
547.803 294.572
177.346 281.799
234.148 94.6248
228.879 94.5577
518.842 232.07
534.24 228.973
440.42 454.478
445.516 454.891
451.117 455.319
456.936 455.703
118.935 531.307
119.899 536.286
309.431 52.701
457.059 260.75
467.158 176.529
382.563 314.924
387.96 316.462
408.341 519.401
348.078 81.4523
439.678 184.725
203.982 68.2867
194.788 68.7287
184.174 69.7936
495.874 513.737
498.482 213.258
505.952 205.327
509.53 201.277
512.951 197.057
406.046 69.5726
498.217 529.704
425.187 119.389
424.016 114.384
422.912 109.207
250.716 289.405
479.33 288.558
381.168 266.769
211.974 93.4568
196.507 97.4678
191.135 98.827
434.535 307.305
439.967 308.29
450.479 309.786
473.02 496.382
232.379 244.904
249.698 335.913
158.884 316.911
420.677 449.129
424.565 452.514
428.397 456.459
127.154 186.01
123.269 189.31
292.332 296.295
279.677 333.657
282.884 338.399
285.671 342.702
287.991 347.574
290.242 352.336
292.599 357.125
295.172 361.968
334.873 429.486
338.129 433.288
342.57 301.909
98.8233 170.385
60.6296 166.857
413.564 126.064
521.178 495.221
67.3377 530.988
425.302 51.8971
472.148 438.803
477.209 438.668
397.407 249.603
487.003 500.82
239.357 259.98
244.103 269.057
270.741 311.21
273.786 315.235
276.857 319.258
280.03 323.812
286.703 331.631
289.818 336.154
301.66 354.182
541.675 411.342
241.443 299.927
426.729 99.7269
421.499 60.8869
421.532 55.4082
61.9387 142.319
552.801 542.268
518.356 290.881
523.609 290.162
309.36 66.2961
323.019 60.7469
319 57.4855
282.872 328.252
36.5783 202.206
44.7152 461.925
519.171 381.576
522.529 385.302
526.106 389.053
478.26 309.943
418.156 69.5225
485.267 217.639
439.728 175.365
245.311 355.132
246.844 360.113
248.234 364.942
249.308 369.837
250.798 374.63
256.691 390.022
406.279 493.151
408.523 497.641
410.604 502.639
135.199 449.256
114.074 389.442
112.729 394.286
430.582 180.183
433.299 170.01
434.647 164.47
437.122 154.414
438.674 149.599
440.281 144.552
465.755 472.329
470.739 474.417
475.877 476.916
480.703 479.329
486.001 481.841
378.631 110.157
516.032 342.79
525.046 51.7919
163.518 185.923
161.089 190.456
158.965 195.243
156.782 200.074
154.29 205.188
151.657 209.96
148.965 214.235
145.877 218.258
346.247 99.871
123.214 503.479
125.775 507.997
128.072 513.301
130.133 517.869
132.176 522.554
42.9959 74.6448
50.0672 52.2809
273.485 534.327
489.078 455.253
494.117 455.435
499.516 455.988
504.546 456.594
496.761 430.824
211.018 182.941
509.588 493.615
152.756 265.715
150.558 270.641
158.412 164.585
263.893 303.919
266.001 308.572
273.351 325.315
279.494 342.372
280.736 347.985
281.958 353.116
283.365 358.659
284.659 363.55
84.1292 360.898
416.733 525.891
411.807 528.475
547.286 348.286
130.667 531.394
167.011 236.272
354.051 329.2
276.786 467.302
278.188 472.172
421.885 243.918
110.384 331.465
103.913 339.246
101.089 343.494
98.2902 347.786
95.3349 352.111
529.658 236.044
509.847 368.042
434.007 130.096
433.604 124.797
433.411 119.783
431.976 99.5192
166.575 270.801
164.38 275.366
155.015 292.607
374.23 61.4771
380.13 67.3639
552.523 224.581
233.146 72.3174
227.785 72.1416
222.339 72.125
217.259 72.4475
212.044 72.8899
398.948 457.699
397.862 452.247
396.743 447.163
195.183 254.635
195.041 260.17
194.957 265.509
194.9 271.272
195.043 276.621
195.65 281.989
196.558 287.58
197.816 292.672
199.159 297.958
200.333 302.911
201.379 308.217
202.227 313.596
202.89 318.852
386.959 103.897
544.161 428.554
546.116 433.606
394.216 258.232
406.464 248.71
410.461 245.69
47.4687 538.711
433.361 112.51
442.232 73.6866
444.284 66.8854
62.2205 484.608
83.4878 374.98
76.711 383.338
61.818 415.377
59.5899 420.128
57.6012 424.882
55.4219 429.892
53.2833 434.859
50.9613 439.313
48.1972 443.689
45.0492 448.183
41.6893 452.286
88.5939 539.114
517.952 199.24
294.047 338.968
298.126 342.634
301.564 346.296
305.303 349.983
308.986 353.577
312.522 357.368
340.66 394.767
351.921 413.41
354.726 417.688
358.31 422.145
361.852 426.081
365.461 430.05
369.054 433.925
372.501 437.754
375.945 441.785
379.551 445.41
383.405 448.995
461.037 167.369
407.116 301.049
531.913 320.771
551.128 322.112
299.22 437.472
220.866 166.555
303.479 440.824
549.96 264.364
37.2577 182.893
91.1005 176.949
85.9889 177.808
80.6375 178.555
450.657 226.992
474.439 207.985
163.707 52.2065
131.061 182.274
119.71 193.089
335.875 303.38
512.522 457.064
51.4767 448.541
48.4857 452.631
45.5747 456.772
534.802 234
445.964 161.021
318.414 319.881
322.087 323.865
440.808 226.916
444.429 223.459
448.559 219.77
452.64 216.205
456.412 212.845
460.238 209.359
474.577 194.053
109.49 449.097
109.819 454.389
489.244 535.682
322.297 288.783
529.467 400.353
534.15 410.02
536.285 414.669
538.661 419.097
285.015 305.312
288.631 308.871
300.317 318.513
210.59 98.8289
521.117 335.865
526.45 337.679
531.321 338.99
536.549 340.305
351.266 96.8816
200.95 120.857
552.948 501.893
117.234 398.454
116.515 403.403
115.76 408.994
548.3 378.455
473.352 216.353
477.074 212.293
183.802 210.749
180.915 215.147
178.304 219.521
175.387 224.121
172.653 228.459
425.853 204.832
422.105 84.4546
420.062 79.8645
410.427 62.7904
407.835 58.372
549.879 509.265
552.513 513.878
520.086 489.691
488.695 182.079
417.699 237.959
354.515 314.013
359.572 315.628
441.753 528.375
478.327 203.72
502.698 277.251
513.289 275.047
145.567 457.766
149.238 461.519
152.837 465.14
156.63 468.838
160.503 473.061
164.214 476.843
167.919 480.394
171.389 484.067
174.963 487.768
76.6879 488.415
74.9072 493.915
72.8417 499.293
518.573 273.599
524.222 272.301
529.392 270.988
477.428 535.294
474.699 539.773
468.748 431.339
484.649 428.224
490.177 426.744
102.961 473.375
102.378 478.71
101.616 483.846
100.712 489.481
536.939 537.145
168.387 231.152
41.923 423.51
38.87 427.738
414.312 536.198
409.814 538.506
462.492 455.781
468.08 455.661
473.475 454.928
478.857 454.429
484.174 453.804
496.986 451.203
502.318 450.047
507.35 449.189
221.711 476.582
214.879 490.763
212.887 495.363
445.644 269.622
462.577 480.056
466.814 483.377
470.881 487.021
42.8522 467.174
41.4465 472.382
39.9773 477.458
38.399 482.371
36.7749 487.185
531.787 486.691
502.169 334.644
506.696 337.092
200.019 87.1515
195 86.6985
189.644 86.438
427.891 86.2428
430.808 71.9703
517.975 465.369
517.16 471.098
500.292 257.302
259.405 488.404
259.332 493.716
259.316 499.272
259.34 504.497
259.299 509.889
423.269 530.828
419.047 533.627
125.534 307.722
121.581 311.087
117.48 315.028
113.537 318.945
109.808 322.276
105.928 325.751
84.5792 340.305
79.7885 343.039
66.5606 352.418
62.4664 355.56
58.2725 359.417
53.9829 363.092
297.488 349.428
301.544 359.231
305.66 368.856
311.003 377.815
313.78 382.052
316.311 386.454
318.683 391.236
246.372 273.613
254.016 293.847
255.57 298.718
257.121 303.728
258.885 308.679
340.522 52.3348
525.97 521.964
530.696 537.586
509.151 538.284
171.697 250.173
168.185 254.635
156.995 272.489
154.399 277.157
151.032 283.163
469.211 507.985
465.639 511.921
450.765 534.994
448.21 539.696
179.222 276.853
331.274 76.8561
327.102 73.6034
322.959 70.3178
419.682 309.38
509.181 420.562
362.383 310.099
367.308 311.027
161.781 262.866
158.467 267.284
164.571 240.748
455.676 312.016
176.8 248.722
231.769 489.272
201.285 516.875
197.016 520.266
192.676 523.773
422.711 303.571
445.755 304.88
242.158 424.582
200.268 216.879
190.46 274.249
78.4379 471.185
76.5955 476.233
74.4914 481.338
72.1482 486.135
70.1162 490.836
57.4722 526.791
55.8393 531.903
50.681 502.844
542.667 509.653
543.953 514.64
399.952 83.7224
190.278 286.395
189.767 291.419
189.548 296.637
189.431 301.957
189.449 310.111
55.4511 165.926
50.1852 164.698
506.019 542.207
91.3451 402.966
87.8148 407.162
57.9106 440.514
305.744 56.6779
546.616 325.985
551.865 327.803
440.094 201.83
394.435 104.752
391.525 100.34
434.698 289.839
445.034 286.114
125.554 480.996
127.07 486.186
128.509 490.995
89.6145 396.749
86.1794 400.644
530.182 256.7
535.041 255.158
544.937 252.737
550.489 251.879
482.982 193.847
487.47 190.619
491.575 187.388
495.988 184.215
36.8959 400.401
228.03 106.295
343.8 374.886
349.66 360.248
539.287 306.556
544.33 305.889
549.265 305.064
351.49 288.156
417.235 503.036
459.601 204.204
553.23 308.767
480.365 459.315
485.912 459.491
416.324 222.943
388.45 435.662
408.655 462.555
532.962 214.325
407.336 125.862
395.689 441.986
392.325 430.661
390.277 425.673
36.7278 523.769
39.4082 352.732
199.482 222.015
198.787 227.374
197.96 232.345
197.276 237.77
197.156 242.84
197.515 248.005
151.744 493.436
154.262 497.976
404.883 84.5754
63.1572 371.72
448.393 156.341
542.459 216.13
523.903 230.623
528.818 228.934
538.243 225.969
372.129 290.335
377.23 289.572
393.853 287.323
399.28 287.332
524.455 239.806
124.028 518.613
125.488 528.799
126.444 534.142
127.322 539.138
228.749 493.438
225.688 497.532
222.204 501.508
218.489 505.219
214.31 509.367
210.587 513.129
223.844 156.13
163.869 317.398
163.228 322.526
162.335 327.573
435.705 283.498
69.7867 188.742
189.595 119.303
270.666 506.57
270.086 511.746
269.27 517
268.613 521.986
267.999 527.318
267.331 532.373
266.189 537.341
66.4079 542.252
509.136 267
465.599 297.222
547.171 310.237
330.668 61.149
110.718 427.874
110.315 432.918
251.673 473.192
253.741 505.002
255.343 513.176
480.506 266.309
493.359 422.853
516.055 415.109
400.668 245.397
405.557 242.979
222.164 90.2784
216.992 91.2789
206.689 92.8327
201.078 93.3923
192.738 93.447
363.993 81.0886
358.099 75.0561
250.126 478.182
247.093 521.151
417.231 302.967
459.209 303.011
151.705 288.357
148.713 292.7
145.807 297.027
143.048 301.269
134.022 314.592
125.644 328.27
122.293 332.127
108.791 348.556
105.469 352.525
98.4116 360.28
94.4695 363.818
490.767 325.281
496.096 327.034
538.379 287.673
470.949 297.775
438.686 59.7479
328.01 56.5436
138.129 517.101
69.2608 481.829
119.199 516.404
120.698 523.42
141.754 333.504
137.225 341.225
134.574 345.656
131.991 350.219
129.155 354.51
63.1602 454.18
61.4431 459.502
59.799 464.842
58.3747 469.653
98.1921 475.039
418.813 143.664
417.525 138.662
416.124 133.6
142.178 347.151
103.224 493.805
103.121 504.187
412.353 120.956
431.251 275.124
437.037 109.004
546.897 213.561
403.18 252.622
296.862 288.896
307.31 291.052
316.646 291.608
220.348 55.0772
286.045 63.0251
177.444 253.863
175.994 258.666
441.003 515.962
83.8118 162.266
78.6473 160.885
436.613 209.086
322.43 344.074
326.316 347.254
330.439 350.591
334.437 353.991
338.374 357.624
342.278 361.532
345.876 365.121
349.002 369.099
352.107 373.749
354.982 377.952
424.876 190.976
476.858 297.844
482.221 298.185
492.094 298.398
54.946 368.858
441.501 139.417
433.04 269.711
446.996 264.656
496.442 207.735
500.274 203.498
503.954 199.626
528.678 178.336
501.445 328.653
506.392 329.648
85.764 482.764
84.8736 487.685
83.6709 492.65
92.6146 529.467
90.9541 534.572
447.87 252.849
456.723 246.757
466.276 263.013
449.025 464.651
454.069 466.986
58.4404 374.463
54.4885 378.097
203.466 269.837
204.004 275.063
204.322 280.096
215.657 337.203
480.882 539.216
77.5672 404.606
77.1615 410.101
360.716 85.0291
356.857 81.3309
352.579 77.8739
74.1688 388.13
71.6848 392.655
179.241 177.045
63.6046 516.451
465.342 535.507
142.224 210.342
217.009 137.273
214.497 141.863
202.685 164.271
188.157 184.396
455.767 483.153
288.662 373.316
304.624 407.036
306.572 411.911
309.052 416.276
312.108 420.58
384.906 323.357
108.924 489.535
267.347 430.077
269.962 440.748
271.111 446.054
349.03 74.1191
530.006 183.753
450.576 496.257
455.932 498.61
161.371 332.551
192.533 198.074
461.982 524.635
459.31 529.603
501.576 221.055
37.5787 499.657
483.493 526.197
501.523 429.234
511.685 425.481
520.228 227.202
525.081 224.922
281.46 314.032
284.522 318.45
287.51 322.551
290.57 326.98
293.38 331.395
323.446 384.154
325.856 388.689
328.609 392.943
331.18 397.572
333.196 402.347
351.313 436.85
343.629 399.319
346.913 403.85
350.093 407.978
407.271 475.999
410.87 479.772
421.316 491.393
425.031 495.277
428.37 499.484
431.127 503.983
488.231 516.89
485.946 521.747
482.249 531.091
471.639 482.01
211.766 198.863
211.493 204.068
209.203 225.116
168.589 207.801
166.058 212.882
163.886 217.577
161.373 222.398
158.863 227.109
155.211 232.98
45.1562 517.629
232.539 99.3613
520.91 538.466
43.7569 522.884
42.4198 527.713
153.887 246.554
151.539 251.061
521.973 300.971
551.242 299.145
536.601 530.447
314.459 83.5615
548.31 275.748
553.305 274.51
409.023 454.922
411.351 450.01
413.631 445.178
415.968 440.016
191.072 156.392
187.44 160.29
183.671 164.207
550.891 165.896
198.115 330.466
199.924 497.469
48.836 415.173
211.999 209.248
216.294 514.232
454.82 506.189
435.659 516.731
254.321 63.5784
249.132 63.0894
243.803 62.9563
222.782 61.5727
476.638 224.731
480.569 221.332
522.208 460.148
522.076 468.989
522.491 474.346
523.402 479.471
149.075 275.701
427.647 104.794
425.861 81.0881
426.06 76.0164
425.881 70.5629
425.139 64.9173
409.713 79.4995
408.207 74.7233
414.82 230.275
258.278 394.809
65.9977 468.989
64.3243 473.948
426.233 214.409
549.752 259.361
454.829 232.14
458.914 228.773
78.0573 428.241
76.1537 433.044
69.7289 452.931
68.3637 457.858
528.371 382.537
531.599 387.043
201.739 211.559
301.433 445.575
553.476 286.497
429.328 538.994
399.752 541.535
240.555 357.155
242.051 362.203
243.46 367.484
165.007 495.287
168.619 498.841
172.342 502.332
185.691 512.652
189.936 515.358
471.051 271.2
476.19 269.314
186.412 268.16
446.181 212.689
507.781 276.581
157.779 321.794
156.942 326.902
156.148 331.847
155.328 337.439
506.073 309.205
553.449 473.534
542.609 538.668
53.734 153.112
506.785 504.426
281.57 60.6382
276.465 58.3708
515.363 499.367
515.451 504.537
516.024 509.87
516.861 515.266
517.653 520.239
41.2891 67.5642
41.8774 62.4361
72.5848 462.936
148.809 245.535
493.755 232.136
436.111 273.73
441.005 272.337
451.005 269.92
339.383 315.483
499.566 523.6
517.42 246.089
541.028 533.555
517.155 541.9
74.1309 457.252
477.675 248.885
482.874 246.965
45.9871 402.421
194.989 102.564
502.056 506.944
99.7697 401.945
98.5168 406.899
527.573 278.59
52.4157 332.261
47.3825 332.445
42.012 332.791
36.8441 333.302
494.025 335.896
523.811 358.212
330.409 315.735
335.148 318.506
339.594 321.214
85.6709 187.859
80.4651 188.954
75.4596 189.79
64.2565 190.197
59.056 190.258
482.55 227.271
154.879 175.675
327.533 287.863
46.2771 392.52
43.2713 396.798
41.9669 91.535
39.3573 57.9921
39.5761 52.6082
44.8369 57.9507
44.7722 52.7595
62.0104 478.937
57.5442 138.891
49.2695 131.92
45.2274 128.156
41.1877 124.511
37.2767 120.932
402.269 66.2896
496.522 535.05
302.821 308.438
316.592 418.304
58.9852 162.01
545.154 405.187
79.4615 379.051
69.1696 387.539
61.0879 393.893
172.195 193.994
536.93 239.132
541.955 236.616
547.633 438.411
548.961 443.331
550.278 448.526
90.1302 419.718
411.943 471.85
415.869 475.534
420.111 479.285
424.345 482.438
457.566 510.538
551.225 55.8813
434.31 135.972
470.709 535.202
380.594 103.136
205.555 99.8512
200.196 101.084
187.597 130.805
98.1744 412.205
92.5499 454.593
435.663 159.564
114.421 192.74
323.009 54.2531
273.137 524.227
273.616 529.252
518.44 221.15
195.452 110.44
476.13 260.642
381.49 309.091
387.191 310.067
399.796 313.61
290.924 342.875
382.603 288.96
428.482 475.921
431.661 479.924
117.181 181.428
112.639 183.526
106.026 186.311
101.458 188.39
164.198 281.75
78.3825 373.791
37.0273 84.0326
36.6929 78.5968
36.5682 73.1429
439.454 287.981
508.437 299.554
553.127 247.129
497.747 278.246
432.141 67.0441
433.797 62.2236
120.394 484.382
122.655 489.26
125.378 495.033
127.553 499.798
129.558 504.68
134.294 536.765
224.534 85.3512
219.357 86.0938
224.307 102.875
218.971 103.54
175.926 234.694
166.396 248.353
68.078 495.729
65.9285 500.645
63.7557 505.159
61.4616 509.65
58.8467 514.529
56.1742 519.295
53.3818 523.71
51.1446 528.33
49.1676 533.246
430.394 149.899
540.84 466.343
498.649 229.893
379.183 88.3792
376.783 83.3755
374.652 78.4272
372.55 73.7447
370.46 69.1073
368.428 64.5233
366.067 59.8883
499.806 236.59
504.419 234.56
538.84 542.129
526.882 191.834
531.622 188.865
321.188 335.001
324.77 338.533
93.0977 407.703
47.452 469.179
96.3032 175.493
223.523 95.1842
218.8 97.1189
126.8 198.504
123.333 202.132
231.335 454.183
229.665 459.301
551.942 423.733
553.03 439.65
473.857 430.525
123.448 476.164
132.398 508.845
363.116 400.315
367.803 402.669
378.109 282.775
137.409 318.441
97.8044 428.47
49.9342 520.025
497.285 304.417
176.268 505.67
180.336 509.111
488.148 247.105
493.156 246.684
148.404 313.534
137.281 349.933
496.463 314.718
502.526 245.612
506.984 243
511.791 240.342
516.525 237.885
201.226 185.564
199.468 190.858
541.576 324.481
449.264 469.977
525.707 408.176
297.256 366.666
299.545 371.414
301.919 376.034
304.464 380.426
306.936 384.843
349.173 326.307
367.435 338.228
209.802 290.796
211.363 296.377
212.678 301.535
214.063 307.04
215.714 312.063
217.154 317.098
220.25 327.318
221.832 332.703
68.2262 166.585
323.907 367.851
337.885 377.007
342.098 379.797
346.797 382.414
351.445 384.699
356.206 386.88
360.812 388.868
422.369 158.796
421.628 153.708
420.96 148.275
457.589 292.087
411.977 252.746
291.765 59.79
375.466 277.063
469.439 211.755
137.076 532.593
403.324 466.609
70.3866 515.612
234.718 468.587
232.382 473.081
230.01 477.567
227.896 482.126
225.691 486.798
223.314 491.257
220.502 495.745
199.969 535.996
197.49 540.596
530.697 51.5358
536.177 51.5479
413.47 94.5383
412.265 89.3153
432.682 300.572
40.1291 362.576
309.913 316.392
364.794 317.359
370.011 319.13
43.7548 431.254
443.378 541.288
290.165 361.976
391.741 113.014
388.77 108.561
346.226 94.5457
341.686 92.1095
301.769 64.1602
229.262 130.158
225.954 134.756
223.012 138.9
50.8948 463.237
318.053 370.887
360.142 431.055
363.298 435.303
366.454 439.331
369.978 443.036
373.651 446.485
376.966 450.251
313.8 327.281
317.712 330.7
337.57 347.618
342.075 351.052
346.155 354.028
66.2036 367.592
44.4739 386.832
39.9615 389.626
511.876 281.185
522.288 280.081
329.65 408.341
332.655 412.53
335.618 417.06
451.644 480.155
329.231 376.434
361.294 416.961
490.141 450.235
498.726 446.476
503.553 444.089
508.428 441.844
521.337 435.917
532.21 276.063
537.149 274.277
541.922 272.456
547.074 270.364
145.992 282.654
109.472 381.489
217.378 80.8982
212.399 82.3607
172.414 327.933
540.042 255.575
347.532 58.3371
377.906 51.5216
284.331 52.2832
250.147 394.535
250.384 400.052
250.341 405.159
249.745 412.903
249.424 418.309
249.312 423.43
249.236 428.507
161.218 292.356
159.22 297.254
157.19 302.456
155.213 307.629
153.5 312.636
151.985 318.186
150.833 323.503
149.755 328.718
148.52 333.85
147.022 339.412
70.5121 178.51
65.6763 180.849
61.1906 183.298
235.595 352.864
256.166 76.0285
538.095 351.909
424.142 540.943
196.828 60.4713
342.574 430.819
345.768 435.16
259.858 64.0748
239.123 60.2631
46.267 407.566
161.903 245.197
159.236 249.68
156.726 254.412
153.991 258.958
77.8215 172.578
409.536 309.962
56.617 501.979
55.6538 507.508
504.687 511.559
177.417 193.683
498.846 271.349
504.241 269.482
408.383 435.319
142.844 474.297
159.27 497.649
162.537 502.454
353.982 362.764
358.294 365.848
140.059 305.528
137.136 309.787
120.687 337.355
118.524 342.239
116.234 346.823
113.635 351.254
111.358 355.971
109.614 360.85
108.162 365.64
106.604 370.427
101.28 385.426
97.1156 394.719
94.8012 399.246
86.8943 413.323
84.4932 417.725
82.0273 422.573
169.68 280.194
57.0846 474.498
55.6275 479.711
54.4103 484.781
52.6118 490.077
50.7573 494.886
175.119 313.323
86.0274 460.816
85.1846 466.164
84.4177 471.135
83.6858 476.877
93.3428 540.815
240.552 334.141
243.165 338.624
529.231 532.497
421.222 523.188
114.032 440.345
120.526 454.305
122.789 459.334
125.061 464.456
127.213 469.456
422.245 97.055
419.997 92.5463
417.381 87.8973
435.181 258.523
325.503 327.573
329.273 331.552
478.711 197.153
205.089 304.552
375.081 319.522
118.736 198.032
408.913 509.354
403.704 510.104
416.229 64.6299
77.3582 415.467
73.6016 419.227
69.822 422.873
65.4037 426.533
61.1749 429.845
209.431 518.186
206.059 522.191
202.428 526.247
199.06 530.094
195.094 533.902
191.262 537.689
188.076 526.331
466.524 247.407
471.193 244.705
475.999 242.022
480.545 239.616
169.423 312.839
169.342 318.289
169.312 323.528
168.646 331.288
512.967 222.859
534.718 209.622
539.873 437.216
542.161 442.334
544.127 447.259
545.788 452.326
547.163 457.525
240.293 429.423
186.348 253.35
307.351 305.94
314.126 309.884
318.674 312.329
103.391 509.683
103.486 514.929
103.425 525.708
103.186 530.971
102.933 537.807
254.342 80.7914
249.015 81.5303
387.967 296.977
393.071 295.892
398.193 294.508
403.312 293.231
460.856 268.073
73.8678 437.774
71.3806 442.374
68.9753 446.809
450.896 240.527
455.421 237.864
459.85 235.209
464.624 232.488
469.251 229.72
77.1456 349.857
72.2422 351.942
536.527 488.595
537.836 494.123
539.123 499.193
85.9794 523.238
84.1752 528.184
82.1915 532.965
80.5311 537.879
149.692 301.399
146.489 305.824
143.222 310.135
528.411 512.399
529.536 517.965
530.459 524.31
448.019 247.833
429.087 210.269
102.642 499.013
100.324 542.441
183.993 283.177
182.607 288.096
181.483 292.977
180.785 298.365
180.782 304.015
181.088 309.236
180.999 314.54
277.304 69.6714
445.988 230.542
333.237 70.4072
328.734 67.4322
315.946 361.208
319.263 365.183
324.979 373.191
330.357 381.513
333.055 386.082
335.433 390.678
340.629 403.706
342.437 408.718
344.513 413.446
347.021 418.222
349.444 423.141
351.935 427.55
354.591 432.238
522.607 328.226
527.62 329.174
546.883 234.183
505.25 255.248
509.788 253.113
551.914 235.347
544 415.866
546.198 420.735
549.264 429.561
36.6692 65.5769
36.6347 89.1627
207.969 497.043
69.2127 397.127
66.3654 401.509
63.4289 405.781
60.2099 410.268
56.6511 415.554
53.3648 419.767
531.899 194.523
536.602 190.567
437.882 268.019
234.252 259.636
235.529 264.84
236.831 269.752
238.103 275.254
239.385 280.26
240.49 285.184
241.703 290.201
243.311 295.288
245.616 303.116
246.529 308.041
247.667 313.269
249.014 323.523
249.096 328.845
509.279 232.724
513.926 230.841
425.806 58.3049
390.421 281.153
403.473 273.393
222.529 267.542
223.905 272.363
246.279 74.1568
236.289 76.4576
532.615 175.043
73.3894 346.455
111.433 399.592
110.268 405.006
108.277 413.79
107.28 419.062
106.324 424.261
97.6131 528.021
488.152 290.578
493.231 290.007
498.096 288.686
504.385 286.965
509.687 286.117
500.881 282.947
505.868 281.716
52.6286 148.224
527.324 299.953
532.436 299.201
542.483 267.477
431.663 189.392
445.366 152.02
190.513 499.86
174.763 212.052
172.071 216.458
169.569 220.789
523.702 202.675
75.6247 179.36
471.873 265.896
451.949 300.611
227.178 249.142
229.028 254.633
335.478 381.406
355.818 405.656
359.237 409.656
366.09 418.71
369.763 422.594
373.187 426.379
376.56 430.607
379.845 434.619
383.092 439.333
385.989 443.726
177.314 287.435
176.695 295.444
176.273 300.827
175.753 305.837
184.863 229.893
108.504 526.081
263.786 313.3
266.304 323.397
278.018 369.712
196.109 213.775
287.122 298.297
360.031 356.294
203.939 494.038
196.145 501.352
512.138 362.421
242.234 55.1172
216.719 58.8337
211.534 60.2736
206.581 61.6414
115.6 445.254
117.505 449.953
213.848 54.4865
208.1 55.0535
188.499 55.5644
235.153 249.079
251.324 275.857
253.955 280.15
256.453 284.488
258.708 289.27
260.74 294.394
340.075 371.025
362.263 368.923
145.726 287.732
128.03 312.289
389.15 95.8683
386.677 91.332
373.543 56.3289
371.778 51.6119
307.943 373.592
327.867 427.303
329.146 432.272
113.207 539.756
146.767 237.483
517.031 525.634
523.492 285.159
444.308 468.431
507.336 516.097
257.771 376.754
259.458 381.706
261.247 386.914
262.901 391.658
264.726 396.342
266.461 401.45
267.922 406.751
269.5 411.772
271.058 416.717
272.14 421.868
273.3 426.988
274.726 432.622
276.217 437.754
277.95 442.891
279.634 447.667
281.149 453.202
283.43 460.143
423.126 223.788
133.957 190.242
439.144 194.022
442.093 189.853
445.168 185.464
39.2536 531.989
37.1948 536.813
482.425 292.592
514.721 286.266
552.701 345.277
491.35 303.656
424.745 283.444
237.064 329.846
246.871 377.81
542.602 244.686
169.152 189.624
169.664 259.555
289.701 441.754
292.576 452.469
512.094 542.497
125.795 358.64
122.58 362.601
119.108 366.894
124.413 367.527
122.039 372.605
119.266 380.31
476.217 515.702
472.635 519.389
249.234 483.317
248.099 488.933
247.302 493.905
246.144 498.816
244.57 504.236
242.897 509.496
111.026 464.932
111.407 470.576
111.973 476.118
112.669 481.128
113.641 486.354
114.784 491.471
115.555 502.241
115.48 507.529
114.91 513.284
114.324 518.407
113.695 523.466
113.506 528.757
469.289 283.809
474.221 282.191
479.223 280
492.82 274.356
215.943 275.223
216.912 292.379
214.173 321.703
431.984 174.997
439.829 134.092
464.305 206.331
468.52 203.408
110.322 459.956
110.932 494.762
110.242 499.997
109.744 504.995
109.327 510.246
109.305 515.28
109.349 520.721
547.727 541.643
371.205 417.019
353.659 72.1007
349.382 69.0018
345.282 65.6048
341.378 62.0217
337.377 58.3971
333.4 54.6833
46.0261 138.272
42.1607 134.667
38.3769 131.381
219.44 65.7181
214.423 66.7468
76.5761 534.275
532.113 491.848
532.216 497.007
532.099 502.119
124.828 348.172
119.346 357.608
116.731 362.065
114.016 366.505
72.9254 428.816
68.889 432.094
507.761 195.856
511.586 192.086
515.2 188.588
519.053 184.708
522.52 181.054
145.711 478.539
148.817 482.977
151.823 487.556
165.155 507.359
168.496 511.558
171.444 515.677
174.498 520.449
177.45 525.334
528.321 449.021
540.038 479.411
541.966 484.412
544.146 489.577
480.908 208.488
520.832 295.735
145.702 317.842
142.624 322.076
137.483 328.423
103.597 363.516
99.7542 366.938
469.631 305.116
474.759 305.068
479.913 304.991
387.209 453.081
390.543 456.979
393.853 461.226
397.052 465.646
411.451 485.337
414.493 490.059
418.876 495.954
421.93 500.041
424.937 504.313
207.199 80.7426
201.975 81.6031
328.249 51.5204
471.404 524.456
460.785 537.764
546.489 519.689
548.459 524.746
550.727 529.507
259.709 399.612
260.626 404.832
261.399 410.005
262.026 415.1
262.502 420.339
263.284 425.721
264.016 433.83
264.444 438.881
264.798 444.591
265.021 449.811
265.425 454.844
266.01 459.817
266.773 464.877
267.227 470.81
267.685 476.021
268.458 481.204
269.255 486.392
271.216 496.843
302.082 87.248
296.936 86.4292
292.031 85.192
377.341 99.1969
373.885 95.4448
369.896 91.6941
366.361 269.86
374.854 263.62
387.056 253.017
391.099 249.302
407.704 238.406
207.108 207.375
38.2401 456.195
513.52 299.991
503.136 216.094
507.485 212.965
404.666 95.6328
402.147 91.0744
393.029 69.2692
214.566 519.109
509.218 304.863
539.865 504.147
49.9079 473.645
153.435 185.08
271.362 491.114
285.547 377.887
286.329 382.936
287.328 387.97
288.329 393.531
288.922 398.53
289.436 403.668
358.8 331.539
363.795 333.607
509.57 508.743
510.502 520.643
38.3469 395.58
537.307 173.213
541.637 169.907
553.118 161.329
396.809 265.309
401.476 263.186
436.094 482.561
69.1528 535.884
50.0083 366.449
46.0383 370.093
42.3598 373.637
38.3411 377.108
497.389 296.009
502.672 295.502
104.713 429.696
103.506 434.554
102.034 439.44
100.406 444.207
98.8278 449.855
97.669 454.724
96.524 459.742
95.6849 465.211
94.62 470.604
93.0947 475.383
91.6978 480.212
90.3637 485.158
89.4802 490.331
210.106 539.801
495.627 251.681
388.843 540.277
155.948 536.163
157.984 541.403
45.9446 419.659
36.6009 432.629
269.576 317.955
273.968 333.576
274.669 338.689
45.2597 364.441
36.5042 366.322
249.76 455.609
248.964 506.782
250.971 524.502
536.328 185.491
540.401 182.42
544.981 179.098
549.107 176.076
553.319 172.866
502.067 209.491
298.851 305.169
337.347 89.3731
332.663 86.2613
328.023 83.9271
323.384 81.9172
318.363 79.7873
313.272 77.6726
308.31 75.7437
300.626 72.5119
295.845 70.6176
291.221 68.6597
237.365 539.849
82.777 497.647
81.557 502.881
80.571 508.061
79.7284 513.325
79.0076 518.624
78.1083 523.86
76.9386 528.963
407.08 530.901
402.297 533.059
397.83 535.536
109.095 531.363
108.726 536.574
108.26 541.758
197.2 195.442
212.739 127.648
204.778 133.663
274.563 539.807
68.4077 520.377
66.1392 525.021
73.2674 183.976
136.826 334.734
256.668 442.199
257.041 447.574
257.499 453.204
257.833 458.328
258 463.395
258.563 468.368
258.93 473.635
259 479.017
252.04 529.547
251.04 534.683
250.148 539.726
490.619 252.999
132.013 479.427
134.289 484.16
136.329 489.158
138.253 493.966
139.878 498.777
141.556 503.654
143.259 508.756
408.399 292.097
413.703 290.948
419.003 289.959
424.061 288.847
102.157 356.637
90.8198 367.331
87.2049 370.889
36.8565 422.533
286.032 368.46
297.352 403.327
298.91 408.36
300.29 413.579
301.798 419.087
303.373 423.945
305.384 429.017
307.385 434.045
309.404 438.727
237.783 338.352
252.022 380.296
253.609 385.531
466.145 219.005
498.686 197.679
192.962 228.161
192.548 233.423
191.628 238.68
191.39 243.766
191.124 249.086
186.93 324.289
47.8419 159.142
42.9368 157.742
170.08 244.846
163.839 257.925
156.658 287.509
516.82 423.634
372.395 312.27
377.586 313.396
140.844 314.617
134.813 323.125
131.203 328.668
128.632 333.322
126.068 338.205
123.578 343.045
118.939 351.098
520.555 189.657
524.792 186.807
394.21 541.184
512.445 451.502
508.229 460.875
506.164 465.511
504.408 470.333
499.277 485.204
227.435 525.019
224.718 529.627
221.897 534.278
219.071 539.004
550.335 461.82
552.714 466.274
271.802 56.3787
266.735 54.2072
166.805 541.826
428.761 485.595
432.773 488.605
436.758 491.635
440.989 494.966
445.237 497.905
470.469 514.675
206.536 73.6478
201.541 74.4603
195.901 75.5845
190.687 76.7404
185.124 77.5965
208.431 265.139
526.499 252.748
540.524 249.797
335.531 423.552
205.066 222.187
483.705 186.508
96.2022 417.321
94.317 422.616
92.7196 427.703
80.0484 480.406
76.1301 503.227
433.718 184.596
487.325 437.858
507.411 435.167
485.812 266.152
490.838 265.094
495.834 264.209
500.897 263.212
439.386 537.786
435.752 541.497
514.062 264.908
519.143 263.268
524.137 261.976
315.188 425.605
317.964 430.143
320.77 434.48
59.672 537.427
57.2827 541.986
488.298 52.0082
494.03 51.7094
499.54 51.5088
502.543 302.948
452.6 257.52
490.449 242.401
475.288 490.165
536.288 280.13
541.616 279.463
104.554 462.244
106.824 481.338
131.427 542.378
83.3405 542.136
430.481 511.087
408.033 524.601
443.491 291.886
448.962 290.199
453.739 288.572
458.757 286.642
463.851 285.091
539.782 231.474
552.957 214.753
414.568 273.311
81.8123 436.239
79.3329 440.59
76.5962 445.337
73.8972 449.853
491.97 222.778
363.398 64.754
539.92 210.897
544.519 208.217
548.918 205.665
553.432 203.26
463.427 432.298
478.98 429.798
174.173 319.665
176.738 330.982
525.934 348.307
450.017 284.307
460.544 280.71
465.839 279.315
470.839 278.168
550.745 418.017
218.194 181.983
217.624 187.171
216.718 192.601
216.047 201.932
551.553 453.595
221.39 247.605
222.776 252.609
224.258 257.511
225.991 262.89
227.861 267.896
229.7 272.88
231.155 277.73
232.308 282.689
233.218 287.891
73.0433 334.224
62.9252 336.806
57.9388 337.836
52.9241 338.777
47.5299 339.629
466.505 491.073
491.9 491.437
489.842 496.028
547.92 283.577
163.597 252.535
279.079 51.5924
273.874 51.819
315.076 54.379
290.7 379.07
292.669 384.282
294.674 389.074
296.799 393.993
299.337 398.649
53.4343 135.63
516.212 351.175
520.781 353.594
529.203 357.742
533.889 359.927
519.962 268.207
306.617 360.057
310.069 363.804
313.69 367.918
323.077 377.972
392.82 451.636
357.32 436.598
297.288 294.989
267.354 362.393
538.057 218.998
311.576 394.387
325.379 419.831
458.782 180.133
466.115 171.62
275.151 476.439
223.229 295.915
224.594 301.085
225.915 306.425
244.06 343.764
247 348.682
249.945 353.214
252.754 357.607
255.284 362.304
257.875 366.797
260.698 371.511
263.112 376.109
265.635 380.761
280.651 403.631
284.031 407.855
287.325 411.733
291.047 415.67
294.593 419.214
298.319 422.736
511.67 309.629
524.329 311.892
529.563 312.971
534.498 313.888
539.529 314.885
545.054 315.8
363.536 393.905
466.202 273.766
338.427 386.464
342.505 389.781
347.101 393.086
351.172 396.232
355.277 399.206
368.356 407.783
372.826 410.85
377.084 413.665
159.951 208.96
157.54 213.575
154.61 218.221
151.683 223.026
148.698 227.509
145.569 231.602
141.852 513.721
143.975 518.458
145.914 523.399
147.866 528.658
150.064 533.609
527.646 247.672
64.9085 390.577
37.5111 384.75
73.3698 159.357
68.3265 157.47
552.579 433.365
92.666 356.771
89.9671 361.623
507.224 323.927
516.853 327.531
531.311 332.875
104.765 375.145
103.139 379.992
99.1816 390.09
513.298 462.034
512.831 467.055
512.204 472.565
511.642 477.765
511.323 482.888
501.979 536.862
500.716 541.853
423.173 195.915
425.011 185.737
259.066 534.727
260.259 540.044
395.121 89.5701
392.864 84.7877
385.884 269.321
416.559 59.0174
415.11 54.1209
190.589 111.825
405.171 541.051
75.8532 540.079
178.987 52.6838
173.806 53.1182
168.744 53.6856
335.717 308.459
263.502 298.596
469.294 540.137
181.006 202.719
366.751 326.183
370.742 329.505
374.543 333.079
451.885 190
205.326 215.144
61.9481 383.792
58.2812 387.232
215.132 224.592
217.115 251.239
147.829 473.613
156.572 491.749
470.01 256.653
267.388 328.885
268.444 334.436
269.404 339.479
270.311 344.596
271.226 350.137
271.729 355.128
272.063 360.386
272.24 366.246
272.367 371.25
272.467 376.609
272.695 381.704
273.074 387.332
273.521 392.322
274.463 397.614
275.421 402.56
276.805 407.796
278.376 412.673
280.293 417.442
282.111 422.234
283.742 426.986
285.097 432.559
286.14 437.702
287.069 446.012
519.201 205.291
541.981 189.535
151.115 179.281
146.006 183.914
142.166 187.664
243.498 325.119
244.27 330.223
248.748 340.953
251.48 345.384
254.396 349.711
257.251 354.595
263.266 481.848
552.532 182.932
532.01 542.496
206.475 185.301
205.091 190.566
203.749 195.432
186.51 239.995
184.438 244.654
182.22 249.304
175.361 273.146
102.214 329.1
98.6411 332.641
94.8647 336.601
91.1583 340.458
88.0424 344.478
85.1301 348.581
82.1888 353.374
79.7619 357.821
77.6105 362.49
75.3398 367.158
72.9247 372.024
70.4859 376.867
67.5643 381.613
56.3192 395.83
52.9176 399.627
41.2531 409.287
37.5821 412.868
153.95 194.457
427.398 199.986
483.536 310.024
518.073 315.265
390.642 80.1297
424.153 460.648
427.725 464.359
431.338 467.852
435.209 471.455
439.208 474.951
443.173 478.865
446.815 482.595
450.355 486.241
454.198 489.664
457.717 493.306
505.206 260.582
509.969 258.493
514.777 256.54
521.65 254.386
304.721 389.372
305.995 394.355
307.435 399.159
309.289 404.01
311.318 408.801
313.429 413.832
325.648 435.953
208.086 504.944
206.126 509.64
465.524 61.3669
54.2178 536.911
395.002 437.013
259.418 516.539
259.716 522
259.739 527.46
439.584 261.361
444.296 259.525
498.175 242.615
552.434 241.658
478.039 230.36
487.034 224.623
495.56 219.09
545.371 185.416
317.935 306.615
322.712 308.588
372.895 338.282
219.491 279.145
226.886 291.678
229.966 296.044
233.133 299.997
236.299 304.283
239.518 308.697
242.082 313.187
244.603 317.865
204.173 323.708
205.284 328.852
206.159 333.894
421.793 295.279
426.807 293.8
491.898 259.698
156.455 502.638
158.692 507.499
161.462 512.298
164.143 516.837
166.785 521.359
169.8 525.59
173.005 529.942
176.15 534.316
179.366 538.547
435.293 508.828
407.559 514.196
401.881 514.905
329.889 338.426
334.615 340.444
339.735 342.241
347.261 345.108
352.412 347.106
357.138 348.878
362.124 350.141
215.412 282.629
266.639 542.4
418.785 217.955
448.743 166.433
397.619 94.6493
389.567 75.1498
539.83 451.007
541.345 455.973
542.684 460.865
544.311 470.06
544.775 475.157
545.389 480.296
140.676 181.924
451.775 198.834
456.112 195.053
460.015 191.895
464.252 188.903
468.232 185.464
472.196 182.064
70.3029 504.489
67.0953 511.248
62.1573 521.442
52.0075 541.953
39.1273 461.271
37.1569 466.03
189.387 506.115
178.237 514.013
136.926 542.004
544.102 290.888
196.851 123.792
192.262 126.721
543.825 260.496
72.676 467.98
71.5973 473.427
551.946 269.045
60.3578 490.045
58.8717 494.977
54.0835 512.69
509.551 217.562
552.177 209.532
471.078 222.247
480.444 216.153
148.497 509.13
151.062 513.958
156.005 523.176
158.506 527.842
161.307 532.23
495.051 475.246
340.625 309.561
346.103 310.885
484.682 472.417
490.113 473.402
246.671 459.618
129.347 474.198
146.825 503.816
156.027 516.307
161.109 522.823
164.026 526.928
167.185 531.334
170.284 535.836
420.545 213.239
228.397 114.107
223.098 115.952
215.698 118.535
209.867 120.726
368.962 83.0209
360.235 70.4583
357.665 65.8532
355.357 61.3187
352.62 56.0202
42.3569 539.767
532.811 437.044
552.966 398.994
433.631 535.231
306.194 312.227
506.438 475.114
511.693 407.054
120.733 541.429
232.348 307.611
143.568 292.541
72.842 356.937
411.341 115.899
410.779 110.865
410.313 105.169
409.813 100.068
436.425 247.221
441.235 245.097
446.287 242.925
254.349 370.474
366.73 283.36
371.826 281.561
381.015 278.355
386.096 276.6
391.126 274.56
395.885 272.237
403.59 268.335
408.397 266.119
413.296 264.2
418.06 262.47
422.56 260.197
430.439 255.538
481.437 234.214
279.13 374.815
280.26 380.549
281.372 385.47
282.413 390.762
283.454 396.048
290.461 422.032
291.201 427.104
292.151 432.236
293.064 437.708
293.892 444.591
522.795 449.859
135.42 526.417
141.749 534.517
145.18 538.345
148.666 542.314
98.3314 505.997
191.106 64.8592
186.012 63.6011
181.195 61.955
176.276 59.9774
171.524 58.177
231.857 501.318
229.048 505.816
226.07 510.33
223.197 514.776
220.554 519.281
217.753 523.465
214.857 527.623
211.355 531.521
207.673 535.054
204.03 539.121
487.763 276.085
513.296 269.986
177.58 206.601
261.543 52.1337
201.752 58.4375
445.621 51.754
485.784 255.385
500.551 250.43
506.13 249.161
347.629 280.302
360.53 271.41
367.676 264.662
375.957 258.511
380.252 255.907
506.901 427.604
250.592 300.921
252.126 306.216
253.727 311.265
254.957 316.272
256.156 321.291
257.316 326.36
258.492 331.531
259.557 336.503
260.352 342
261.204 347.518
262.431 352.537
263.669 357.984
266.741 367.739
548.679 492.161
549.493 497.095
289.909 53.7966
380.673 79.6292
525.833 497.301
526.256 502.909
524.654 541.92
245.232 464.741
243.556 469.784
241.767 474.635
240.412 479.593
239.683 484.648
238.889 489.976
238.165 494.944
237.708 500.481
237.308 505.719
236.881 510.991
235.848 516.252
234.654 521.195
233.139 526.175
231.461 531.313
229.679 536.162
227.704 540.931
200.528 159.044
195.794 166.974
193.168 171.559
190.342 176.535
425.247 536.027
419.254 539.029
414.572 541.783
518.865 320.595
536.2 330.318
540.689 332.948
545.221 335.254
550.086 337.61
528.947 443.604
531.79 452.779
533.057 457.87
534.811 463.379
536.475 468.871
544.534 528.311
494.929 540.217
202.653 154.175
527.132 438.591
528.691 460.855
528.391 466.386
528.41 471.435
528.484 476.525
528.855 481.634
224.73 277.693
267.456 373.051
432.679 93.6586
432.346 88.6387
431.965 83.0795
431.415 57.6617
387.785 288.59
404.568 285.584
510.677 182.819
80.5563 460.587
78.2395 465.241
37.1605 542.192
226.984 311.408
227.787 316.467
228.272 321.558
228.444 326.966
228.563 332.032
228.547 337.465
228.504 342.705
228.514 347.912
519.198 213.368
523.534 210.686
527.936 207.611
532.31 204.14
536.099 200.87
540.355 197.881
552.465 190.738
351.295 339.888
355.918 342.666
360.667 345.209
366.978 348.194
351.872 277.538
356.287 274.475
535.655 180.532
272.566 451.578
274.217 456.637
276.286 461.319
484.734 332.579
488.942 335.381
495.458 341.068
499.36 344.726
503.118 348.29
506.957 351.724
510.92 355.044
529.275 365.548
533.93 367.777
538.435 370.468
543.086 373.777
161.556 312.601
408.606 53.3603
180.202 529.939
182.746 534.557
185.144 539.278
516.068 357.588
519.471 361.539
522.774 365.83
526.239 370.095
529.912 374.051
533.206 378.196
536.75 382.217
540.357 385.822
211.458 214.283
211.251 219.465
211.659 229.932
211.892 235.073
211.744 240.386
211.305 245.382
210.271 272.242
209.788 277.782
488.126 540.819
131.417 318.918
128.826 323.296
94.5483 370.988
71.3923 408.861
67.9602 412.848
204.588 174.863
195.759 201.961
194.511 206.929
126.151 318.979
122.787 322.768
118.922 327.119
115.406 331.152
111.825 336.469
108.875 341.277
88.6962 375.703
85.9349 380.233
83.178 385.001
80.9168 389.623
78.4136 394.381
75.4465 398.422
72.7685 402.944
40.8665 435.397
39.0179 440.527
37.2502 445.64
452.473 250.538
309.781 389.475
315.639 397.999
318.318 402.383
321.049 407.025
324.161 411.192
327.38 415.196
330.488 419.132
366.134 290.253
445.594 280.156
450.133 277.935
490.208 216.123
181.123 320.212
181.173 325.383
